 ERB	 Fc	 rl	 rA	 rI	 Plin	 Ln	 NOS	 LTL	 SPL	 MOS_LQO
15.9149	11.9396	0	0	0	45.0571	46.9026	12.1772	55.221	84.09	1.6783
19.7595	11.9719	0	0	0	30.8186	34.0816	10.3748	57.795	81.05	2.4077
21.7021	12.0316	0	0	0	18.023	19.5889	7.3934	55.18	79.12	2.5909
22.2886	12.0397	0	0	0	8.6963	10.3757	4.2841	53.47	78.77	3.3238
22.279	12.042	0	0	0	4.6881	4.8154	2.2725	53.032	78.75	3.5694
20.9993	12.0684	0	0	0	41.8079	53.7823	13.6499	66.972	79.77	2.253
21.6329	12.0336	0	0	0	34.1368	36.3212	12.0363	61.619	79.16	2.253
22.0978	12.0545	0	0	0	21.4035	20.4784	8.7375	55.483	78.79	2.5261
22.1662	12.0471	0	0	0	9.9793	10.6763	5.262	53.656	78.74	3.3674
22.2768	12.0496	0	0	0	4.6768	5.0612	2.7929	53.175	78.73	3.5841
16.5925	11.858	0	0	0	34.6748	37.2197	8.604	47.343	86.02	1.6118
19.9602	11.9685	0	0	0	20.0712	28.1901	7.6131	54.534	82.6	2.4836
21.7971	12.0184	0	0	0	11.309	16.1496	5.248	54.464	79.52	3.158
22.1056	12.0253	0	0	0	7.1673	8.4879	3.0967	53.298	78.81	3.6278
22.2403	12.0393	0	0	0	4.2677	4.2482	1.7745	52.958	78.74	3.2669
10.5768	9.7767	0	0	0	31.6829	29.8872	5.8674	39.644	87.46	1.5693
15.8265	11.7953	0	0	0	19.2728	24.1797	5.6967	51.619	84.58	1.7833
18.8092	11.9484	0	0	0	11.418	14.6494	3.9561	54.215	80.33	2.3869
21.6462	12.0206	0	0	0	8.05	7.787	2.402	53.267	78.91	3.3538
22.2274	12.043	0	0	0	4.8295	4.0055	1.4318	52.911	78.74	3.1422
11.6747	12.7807	0.004	2.8266	0	40.8672	46.6552	7.8833	58.609	80.83	1.786
14.2643	12.1009	0.004	3.4301	0	34.8316	37.6061	8.5736	58.722	78.03	1.5121
22.3046	12.0326	0	0	0	11.1558	18.3816	4.0567	53.518	78.87	3.3665
22.2674	12.0428	0	0	0	5.7285	9.5068	2.4057	52.977	78.73	3.4377
22.2395	12.0364	0	0.1969	0	3.6149	4.6298	1.5848	52.894	78.73	3.4698
13.2046	11.8099	0.007	0	0	25.9674	35.317	8.8123	71.251	84.14	1.5641
17.073	11.9565	0.002	0	0	15.4511	25.0497	6.9409	66.652	81.19	2.3751
19.5769	12.0105	0.002	0	0	10.2904	14.7915	4.7862	54.667	79.18	2.5844
21.8193	12.0378	0.002	0	0	6.3303	7.394	2.8535	53.285	78.79	2.8899
22.3271	12.0477	0.002	0	0	3.7678	3.4083	1.798	53.035	78.74	3.431
4	2.5186	0.001	0	0	45.5018	35.9678	5.522	45.08	92.6	1.8668
15.2465	11.8658	0	0	0	25.1648	27.6718	4.7684	53.08	88.14	1.963
20.6447	12.0116	0	0	0	14.388	15.9689	3.6828	54.464	81.59	2.8199
21.6461	12.034	0	0	0	8.0039	8.4043	2.2544	53.28	79.08	3.2517
22.3082	12.0371	0	0	0	4.9584	4.2105	1.2713	52.89	78.77	3.1608
11.7345	14.7642	0	0	0	39.7564	53.0942	10.9121	64.344	84.98	1.823
20.525	11.9932	0	0	0	30.9358	36.2311	10.52	60.189	79.69	2.3864
22.1269	12.0422	0	0	0	19.0138	20.3702	7.3173	54.814	78.85	2.5888
22.2509	12.0359	0	0	0	8.8007	10.7976	4.3215	53.391	78.75	3.3451
22.227	12.035	0	0	0	4.151	5.183	2.3052	52.967	78.74	3.5869
14.0994	13.4893	0	0	0	40.3801	53.3865	10.8371	61.512	78.18	1.4978
21.9162	12.0507	0	0	0	27.1653	31.0198	9.517	58.19	79.03	2.5015
22.2696	12.0451	0	0	0	17.4385	17.1973	7.0088	54.917	78.8	2.5475
22.3052	12.0409	0	0	0	8.3212	8.7273	4.2127	53.469	78.74	3.4162
22.2453	12.0364	0	0	0	4.0532	4.0358	2.2911	52.919	78.73	3.5797
14.5822	11.768	0	0	0	46.1442	46.1506	12.2532	49.514	83.77	1.5689
18.2665	11.9798	0	0	0	35.8667	33.5912	10.9997	45.492	80.77	1.9854
22.0694	12.0614	0	0	0	19.8901	19.4705	8.2306	41.692	78.9	2.55
22.0643	12.0577	0	0	0	11.1772	10.3192	4.7302	40.015	78.61	3.4382
22.043	12.0387	0	0	0	5.9509	4.7689	2.3044	39.439	78.59	3.3581
18.2141	12.0317	0	0	0	45.5125	53.6952	13.3486	60.59	79.64	2.2168
20.7624	12.0289	0	0	0	40.7334	36.2574	12.3832	49.369	78.9	2.253
22.1858	12.0291	0	0	0	23.7015	20.5243	9.2348	42.585	78.61	2.5286
22.1978	12.0301	0	0	0	13.488	10.7154	5.5836	40.267	78.58	2.5216
22.2137	12.0358	0	0	0	6.4888	5.0931	3.0067	39.505	78.59	3.7798
16.3087	11.85	0	0	0	34.8142	36.5828	8.7067	43.57	85.9	1.6118
19.8404	12.0047	0	0	0	23.2968	27.8974	7.986	42.319	82.42	2.4092
22.2942	12.0343	0	0	0	13.8607	16.2653	5.5192	40.784	79.3	2.5565
22.058	12.0442	0	0	0	8.8095	8.6134	3.2884	39.756	78.66	3.5335
22.0426	12.0323	0	0	0	5.63	4.2102	1.7361	39.446	78.6	3.2584
14.907	11.8004	0	0	0	23.27	25.6279	5.9747	39.076	84.42	1.8084
17.815	11.9821	0	0	0	12.9395	15.4712	4.1926	40.563	80.09	3.0835
19.5779	11.9826	0	0	0	8.5105	8.2459	2.6211	39.727	78.76	3.1307
21.1148	12.0112	0	0	0	5.8623	4.2184	1.417	39.411	78.61	3.2333
18.7118	12.461	0.002	0	0	31.2339	36.4207	7.8884	52.756	79.64	1.7987
22.2405	12.0366	0.001	0	0	22.4471	24.6192	6.5887	45.187	78.84	2.4032
22.1003	12.0481	0.002	0.5889	0	13.184	13.3061	4.6131	40.485	78.69	1.9218
22.1527	12.0503	0.005	1.0454	0	8.8428	7.0913	2.9148	39.679	78.6	1.7136
22.1263	12.0443	0.002	0.4243	0	5.9569	3.6607	1.9439	39.392	78.59	3.2809
7.649	12.4999	0	0	0	27.4153	38.314	8.8891	73.536	84.1	2.006
18.4037	11.9653	0.005	0	0	18.1742	29.5382	6.8212	60.298	80.71	1.4119
21.2593	12.0162	0	0	0	11.6545	17.2819	4.8341	45.598	78.88	3.273
22.1233	12.0408	0	0	0	8.5124	9.2487	2.6978	39.737	78.61	3.5264
22.0671	12.0354	0.002	0	0	5.8493	4.5639	1.6456	39.35	78.6	3.3479
14.9319	11.8187	0	0	0	28.0101	27.6421	5.4679	40.149	88.33	1.7144
17.5751	11.9729	0	0	0	16.1702	15.9263	4.4366	40.765	81.64	2.7603
20.8099	12.031	0	0	0	9.3375	8.4006	2.6694	39.775	78.95	3.4583
22.169	12.0327	0	0	0	5.79	4.2219	1.445	39.404	78.61	3.3063
14.4422	10.9084	0	0	0	37.2078	49.9782	12.1361	63.09	84.6	1.6287
17.4679	11.9596	0	0	0	34.9063	36.2285	10.7975	45.661	79.57	1.7357
20.1939	12.0042	0	0	0	20.113	20.5019	7.8812	41.454	78.7	2.4652
21.9451	12.0369	0	0	0	11.2271	10.9326	4.5618	39.956	78.6	3.3539
22.2457	12.039	0	0	0	5.9162	5.3139	2.4462	39.5	78.58	3.4215
16.0685	12.5541	0	0	0	41.0898	51.0262	11.4282	59.832	78.42	1.5452
22.1095	12.0395	0	0	0	31.5165	32.1783	9.7575	46.788	78.74	2.5124
22.1822	12.0401	0	0	0	18.8513	17.9218	7.225	41.423	78.59	2.5888
22.2215	12.0516	0	0	0	10.893	9.2648	4.2627	39.889	78.58	3.3865
22.0769	12.0343	0	0	0	5.8487	4.3157	2.4868	39.457	78.59	3.4644
15.3874	11.8834	0	0	0	47.8457	46.3104	14.4361	51.754	83.8	1.8182
17.6259	11.9266	0	0	0	33.3508	33.8349	12.8161	51.6	80.86	2.1199
20.4318	11.9897	0	0	0	19.1366	19.6742	9.4824	48.651	78.99	2.5696
21.8198	11.9947	0	0	0	10.3178	10.437	5.3763	47.099	78.6	3.3247
22.1513	12.0091	0	0	0	5.5108	4.851	2.5598	46.349	78.54	3.4504
20.1543	12.0448	0	0	0	46.4135	53.7904	15.7608	61.792	79.7	2.253
21.8517	12.0239	0	0	0	36.6787	36.5309	14.1543	55.335	78.99	2.253
22.0025	12.0172	0	0	0	22.1189	20.6491	10.4178	49.592	78.61	2.6144
22.196	12.013	0.001	0.1113	0	12.2775	10.817	6.2631	47.458	78.58	2.7148
22.2286	12.0018	0	0	0	6.271	5.1347	3.3071	46.745	78.54	3.858
13.8327	11.7378	0	0	0	36.4509	36.4103	10.5195	44.5	85.97	1.5029
17.949	11.924	0	0	0	22.9022	28.0893	9.5799	48.626	82.56	1.8484
20.8256	12.0035	0	0	0	12.1847	16.412	6.476	48.184	79.37	2.8645
22.1017	12.0104	0	0	0	7.6474	8.6895	3.7689	46.843	78.65	3.4275
22.185	12.0123	0	0	0	5.104	4.1825	1.9426	46.426	78.55	3.4779
14.9378	11.8194	0	0	0	20.8362	24.5636	7.1501	45.435	84.72	1.8544
18.9692	11.9542	0	0	0	11.4994	14.9328	4.9852	47.959	80.29	2.2915
22.1418	12.021	0	0	0	8.1039	7.8599	3.015	46.769	78.75	3.2652
22.165	12.0275	0	0	0	5.7237	3.9955	1.6224	46.389	78.55	3.161
10.6137	13.0716	0.006	1.9267	0	40.411	45.1277	8.0247	59.477	80.38	1.7664
14.9942	12.0198	0.0211	1.9584	0	32.0405	29.7866	10.0193	55.993	78.98	1.6728
22.1338	12.0136	0	0.2487	0	12.941	15.6779	5.1928	47.232	78.57	2.6787
22.1206	12.006	0	0	0	8.1578	7.9789	3.1975	46.745	78.54	3.1998
22.254	12.0032	0.001	0.1429	0	4.5255	3.7951	1.9639	46.498	78.53	3.4314
7.2165	8.9871	0	0	0	28.2002	34.14	10.0937	68.569	83.28	1.8963
17.5311	11.8545	0.003	0	0	18.5168	26.8286	8.0125	65.473	81.12	1.7127
21.4263	11.9909	0.003	0	0	12.4259	15.9744	5.478	50.129	79.01	2.0237
22.1232	12.0487	0.004	0	0	7.9896	8.1072	2.9865	46.712	78.58	1.9271
22.1574	12.0087	0.003	0	0	5.0738	3.9691	1.679	46.465	78.53	3.6501
13.9001	11.7322	0	0	0	26.9381	25.9382	6.5577	48.056	88.08	1.6096
17.1714	11.8599	0	0	0	14.7459	15.1391	5.1392	48.522	81.66	2.9224
19.5152	11.9548	0	0	0	8.2807	7.8928	3.0092	47.105	78.96	3.626
22.023	12.0018	0	0	0	5.4323	3.9411	1.5545	46.345	78.58	3.2252
11.667	14.0878	0	0	0	47.4696	49.3908	12.493	63.491	85.53	1.7568
17.7233	11.9522	0	0	0	31.1123	35.4747	12.6583	53.806	79.78	2.2168
20.1537	11.9937	0	0	0	18.5995	19.9477	9.0821	48.432	78.68	2.4836
21.6565	12.0024	0	0	0	10.3483	10.5695	5.1764	46.926	78.54	3.3233
22.1855	11.9997	0	0	0	5.1801	5.0466	2.6216	46.447	78.53	3.5288
14.3095	13.8176	0	0	0	42.1438	50.8844	11.9255	60.235	78.88	1.4978
21.7871	12.0134	0	0	0	31.3699	32.8224	11.244	51.171	78.8	2.3937
22.1336	12.016	0	0.4812	0	18.8774	18.2908	8.1091	48.117	78.58	2.5451
22.0439	12.0083	0.001	0.2026	0	10.2147	9.4565	4.8015	46.957	78.58	2.8909
22.2357	12.0123	0	0	0	5.2441	4.4491	2.5835	46.685	78.54	3.5288
13.1739	11.5715	0	0	0	42.7894	46.47	11.1709	53.288	83.99	1.4741
15.3173	11.8616	0	0	0	29.2519	33.6532	9.4119	53.419	81.04	1.7799
18.0999	11.9588	0	0	0	15.4779	19.3633	6.5344	50.349	79.22	1.7302
20.7533	11.9906	0	0	0	7.5534	10.2796	3.8303	49.113	78.94	3.6876
22.0804	12.0286	0	0	0	4.8959	4.7773	1.8481	48.827	78.92	3.359
17.8272	12.1043	0	0	0	44.6792	53.4482	12.4326	62.115	79.83	2.0226
20.1416	12.0385	0	0	0	38.2653	35.997	11.3102	56.155	79.3	2.3937
21.9932	12.0522	0	0	0	21.2167	20.3157	8.356	50.71	78.94	2.4093
22.2222	12.0523	0	0	0	9.2998	10.5934	4.5211	49.315	78.92	3.3836
22.0765	12.0451	0	0	0	5.1773	5.0384	2.1281	48.837	78.91	3.4344
10.5386	10.0837	0	0	0	31.3893	36.5524	7.0353	46.202	86.01	1.519
14.9568	11.905	0	0	0	18.5123	27.5535	6.0946	51.168	82.57	2.2417
18.1356	12.0041	0	0	0	11.3356	15.6496	4.0374	50.03	79.59	2.4475
21.8799	12.0289	0	0	0	6.9518	8.4454	2.5455	49.001	78.99	3.3271
22.0904	12.0612	0	0	0	4.7883	4.1236	1.4777	48.843	78.94	3.1677
15.3976	11.8081	0	0	0	18.4966	24.1281	4.5417	47.531	84.92	1.8094
18.2035	11.9268	0	0	0	10.4758	14.5032	2.9953	50.091	80.54	2.9672
20.9456	12.0232	0	0	0	7.4711	7.6396	1.9301	48.755	79.08	3.149
22.24	12.0463	0	0	0	5.4624	3.9431	1.3559	48.768	78.95	3.2133
10.6948	14.5305	0.005	2.4682	0	43.9891	49.4897	6.851	59.27	82.11	1.7664
22.1656	12.0462	0	0	0	22.2103	32.8502	5.4708	49.563	79.02	2.4262
22.2311	12.0524	0	0	0	10.6983	18.1575	3.4499	48.945	78.94	3.3452
22.2613	12.0593	0	0	0	5.8119	9.5172	1.9282	48.683	78.9	3.4253
22.2382	12.0483	0	0	0	3.9839	4.5918	1.1903	48.744	78.91	3.2857
11.6445	11.2138	0.005	0	0	21.0667	35.7908	8.6015	71.105	84.24	1.74
14.7937	11.8174	0	0	0	13.6904	25.5068	6.3148	67.541	81.47	2.7059
17.1827	11.9134	0	0	0	9.8704	14.6696	3.8223	54.414	79.31	2.9367
20.3194	11.9798	0	0	0	6.8856	7.6569	2.2578	48.919	78.95	3.1684
21.9972	12.0287	0	0	0	4.3158	3.6642	1.2809	48.831	78.93	3.3074
12.4955	11.6659	0	0	0	22.3055	26.7085	3.7817	48.457	88.17	1.9991
15.6024	11.911	0	0	0	12.6389	15.4102	2.8179	50.27	81.73	2.9178
18.5109	11.9921	0	0	0	8.118	8.096	1.7538	49.009	79.28	3.1017
21.1136	12.0159	0	0	0	5.0225	4.0685	1.1999	48.858	78.97	3.2062
10.8245	14.8778	0	0	0	44.8456	51.4191	10.1703	63.891	85.46	1.8668
16.4382	11.9281	0	0	0	31.8183	34.7984	9.3904	53.572	79.9	1.6022
19.0045	12.0069	0	0	0	17.4489	19.4575	6.7581	49.985	79.01	2.1152
21.6296	12.0162	0	0	0	7.7546	10.3014	3.8181	49.214	78.95	3.4275
22.2935	12.0328	0	0	0	4.6079	4.9147	1.8346	48.854	78.94	3.2992
19.3509	12.0716	0	0	0	37.8429	47.7302	9.5343	63.776	79.22	2.2246
21.4237	12.0468	0	0	0	28.4012	31.2111	8.7248	54.578	79.15	2.5151
22.0021	12.0526	0	0	0	16.5234	17.2949	6.1577	50.211	78.92	2.5285
22.0146	12.0513	0	0	0	7.4479	8.836	3.3182	48.952	78.93	3.404
22.353	12.046	0	0	0	4.6401	4.136	1.6789	48.772	78.93	3.2006
13.6967	11.7706	0	0	0	44.2535	45.8953	9.9072	51.28	83.77	1.512
17.0425	11.9192	0	0	0	32.0041	33.2426	8.3331	48.43	80.84	1.6022
21.0527	12.009	0	0	0	17.2033	19.2682	5.707	44.533	79.15	2.5675
22.3557	12.0419	0	0	0	9.1987	10.2527	3.1531	42.933	78.89	3.6218
22.3435	12.0471	0	0	0	5.2154	4.7459	1.393	42.631	78.87	3.1942
16.9912	12.039	0	0	0	46.3263	53.0544	10.756	61.537	79.71	1.6381
20.0813	12.0111	0	0	0	37.2863	35.7352	9.7572	51.622	79.12	2.2923
21.793	12.0203	0	0	0	21.5972	20.2637	7.0946	45.322	78.89	2.4461
22.3527	12.0314	0	0	0	11.1561	10.5535	3.7794	43.013	78.86	3.3494
22.3618	12.0289	0	0	0	5.8364	5.0312	1.7984	42.672	78.87	3.245
12.725	11.6052	0	0	0	33.1348	36.3337	5.8996	44.147	85.87	1.4398
15.6161	11.9083	0	0	0	21.2004	27.1151	5.1292	44.704	82.41	1.9243
19.0978	12.0026	0	0	0	12.2043	15.6649	3.3652	43.682	79.5	2.0111
20.8006	12.0228	0	0	0	7.1435	8.4293	2.0157	42.775	78.94	3.1406
22.087	12.0333	0	0	0	4.6619	4.1004	1.1385	42.609	78.87	3.1575
4.9725	4.6334	0	0	0	35.8148	30.8747	4.0352	35.729	87.58	1.9615
15.2985	11.8304	0	0	0	20.5539	24.9277	3.8485	42.38	84.57	1.8243
19.4129	11.9752	0	0	0	11.8752	14.9378	2.5271	43.606	80.33	2.8405
21.9573	12.0481	0	0	0	7.4727	7.914	1.531	42.852	79.02	3.1538
22.1016	12.0429	0	0	0	5.0588	4.0855	1.015	42.429	78.88	3.2827
18.9159	12.0176	0	0	0	39.6004	52.3239	6.0491	49.22	79.17	2.1754
21.2416	12.0348	0	0	0	22.2577	32.7085	4.5034	44.129	79.02	2.4233
22.3158	12.0316	0	0	0	11.5616	18.07	2.7936	43.088	78.89	3.3521
22.3527	12.0425	0.001	0.1523	0	6.5977	9.5804	1.6425	42.614	78.86	3.0806
22.3393	12.032	0.002	0.1971	0	4.3755	4.6131	1.06	42.466	78.86	3.5618
12.208	11.3029	0	0	0	21.0756	37.142	6.9275	66.298	83.06	1.7192
14.1944	11.6557	0	0	0	14.0872	26.578	4.8938	64.363	80.82	2.7298
16.7927	11.853	0	0	0	10.2837	16.1737	2.9895	48.543	79.16	2.881
18.8731	11.9797	0	0	0	6.3884	8.2165	1.8178	43.336	78.9	2.8814
20.9323	12.0126	0	0	0	4.1847	4.0676	1.0306	42.619	78.87	3.4516
4.2058	4.6838	0	0	0	42.1841	36.3569	3.539	39.362	92.58	1.8668
14.3308	11.7945	0	0	0	24.8139	27.0058	3.4662	43.25	87.96	1.6262
17.1814	11.8974	0	0	0	14.0734	15.6972	2.5223	44.018	81.61	2.8799
19.9801	12.01	0	0	0	8.1413	8.2706	1.4622	42.904	79.21	3.2628
21.8706	12.0371	0	0	0	5.0442	4.1529	1.0037	42.544	78.9	3.2827
15.5909	11.7131	0	0	0	42.3866	57.9853	9.5513	59.749	81.97	1.5502
17.4811	11.8978	0	0	0	31.0947	37.4894	8.0292	50.341	79.64	1.7252
19.4598	11.9586	0	0	0	17.6345	21.1993	5.58	44.979	78.94	2.2835
21.588	12.0182	0	0	0	9.8621	11.3482	2.9847	42.967	78.88	3.6089
22.3991	12.0389	0	0	0	5.1985	5.498	1.4818	42.518	78.87	3.2078
20.3196	12.0452	0	0	0	34.4692	46.8382	8.5809	62.195	79.03	2.3601
22.0575	12.0308	0	0	0	27.4929	30.4429	7.6973	50.268	78.96	2.4687
22.3617	12.0416	0	0	0	17.6314	16.9345	5.3543	44.335	78.87	2.5675
22.3423	12.0393	0	0	0	9.3934	8.6262	2.8882	42.955	78.85	3.6128
22.3725	12.0407	0	0	0	5.3205	3.9897	1.5112	42.56	78.86	3.164
12.5151	11.5653	0	0	0	45.1122	46.4987	11.8131	51.114	83.96	1.4654
15.8132	11.7389	0	0	0	35.2249	33.5764	10.1647	48.023	80.87	1.6118
17.5597	11.9297	0	0	0	19.5472	19.3571	7.0882	44.01	78.89	1.7613
21.219	12.0226	0	0	0	10.1525	10.2782	4.0069	42.517	78.59	3.3311
22.3629	12.0476	0	0	0	5.977	4.7739	1.7346	42.094	78.57	3.1467
15.1218	12.0737	0	0	0	49.5417	53.4872	12.7391	61.961	79.7	1.6687
17.9406	11.9959	0	0	0	39.8125	35.993	11.5177	51.571	78.96	1.9137
20.5456	12.0146	0	0	0	25.4786	20.352	8.5758	44.933	78.59	2.5151
22.3462	12.0541	0	0	0	12.89	10.6129	4.6769	42.624	78.57	2.9063
22.3757	12.0763	0	0	0	6.3302	5.0415	2.183	42.021	78.56	3.2948
13.2248	11.6386	0	0	0	36.6461	36.3902	7.795	43.351	85.9	1.512
16.0897	11.8918	0	0	0	23.0298	26.9976	6.8084	44.987	82.36	2.0808
19.3149	11.9895	0	0	0	12.3201	15.6365	4.4325	43.497	79.31	2.4683
21.8086	12.0307	0	0	0	7.7072	8.4536	2.6473	42.409	78.64	3.4175
22.3036	12.0554	0	0	0	5.6485	4.1173	1.4866	42.019	78.57	3.1487
4	1.7823	0.001	0	0	34.5838	29.7398	4.7112	36.693	87.42	1.9615
13.095	11.5946	0	0	0	21.1749	23.903	4.9393	42.277	84.49	2.2701
15.9413	11.8563	0	0	0	12.0377	14.5326	3.2718	43.734	80.2	2.6794
19.6404	11.9977	0	0	0	8.316	7.6655	1.993	42.312	78.74	3.0682
22.3219	12.0581	0	0	0	5.9204	3.9702	1.3074	42.074	78.58	3.2597
11.8854	14.3093	0.002	0	0	44.3249	48.9079	7.0914	54.852	80.71	1.8193
21.1199	12.0147	0	0	0	25.1457	32.063	5.6269	43.89	78.94	2.5005
22.3664	12.0362	0	0	0	14.4861	17.8876	3.5015	42.731	78.78	2.5818
22.3652	12.0456	0	0	0	8.0677	9.2344	1.9744	42.122	78.56	3.2184
22.3429	12.054	0	0	0	4.717	4.5122	1.1922	41.958	78.57	3.1895
9.7205	9.3852	0	0	0	23.7103	31.6402	8.1496	66.466	83.43	1.6767
14.5149	11.7576	0.006	0	0	16.6313	23.6026	6.3169	63.6	81.29	2.3552
16.8457	11.8827	0.001	0	0	12.5355	14.0007	3.9666	48.963	79.05	3.0469
20.0149	11.9713	0.001	0	0	8.575	7.2544	2.4928	42.162	78.62	2.7498
22.363	12.0609	0	0	0	5.4098	3.35	1.2772	42.041	78.57	3.2133
11.3836	11.4132	0	0	0	25.396	26.9637	4.3962	43.348	88.05	1.7382
14.7432	11.8585	0	0	0	13.8767	15.5113	3.2437	44.276	81.42	2.878
17.6296	11.957	0	0	0	9.0887	8.1894	1.9117	42.677	78.93	3.9533
20.2243	12.0014	0	0	0	5.8101	4.0994	1.2307	41.874	78.6	3.2727
13.4669	11.8167	0	0	0	45.5291	54.632	11.7111	57.572	82.17	1.4849
15.9655	11.9025	0	0	0	34.4416	35.5901	10.0543	48.838	79.56	1.6118
19.7117	12.0001	0	0	0	20.7005	19.9506	7.1671	43.679	78.64	2.292
22.3517	12.0632	0	0	0	10.8859	10.6077	3.8782	42.235	78.57	3.3494
22.3072	12.0702	0	0	0	5.8867	5.0748	1.7746	42.082	78.57	3.268
18.3459	12.0231	0	0	0	37.6876	47.9707	9.988	62.089	79.11	1.858
21.9486	12.0229	0	0	0	29.9978	30.8046	9.2269	50.313	78.83	2.4798
22.3208	12.0435	0	0	0	19.1911	17.0217	6.5608	43.732	78.58	2.589
22.3669	12.0654	0	0	0	10.2967	8.6644	3.5446	42.391	78.56	3.4513
22.346	12.0492	0	0	0	5.7218	4.0451	1.8353	42.017	78.56	3.2596
20.3484	11.9384	0	0	0	46.6624	47.8719	13.143	53.321	84.42	2.253
21.3306	12.0019	0	0	0	32.0516	35.8558	11.0846	54.184	81.98	2.3937
21.8466	12.0231	0	0	0	19.6802	20.8503	7.6058	50.778	80.28	2.5289
22.1056	12.0214	0	0	0	9.9744	11.0707	4.3135	48.443	79.88	3.3198
22.1952	12.0343	0	0	0	5.3037	5.2345	2.0843	47.898	79.83	3.4144
20.3545	12.087	0	0	0	50.0528	56.6242	13.7052	61.347	80.11	2.253
21.9656	12.0498	0	0	0	38.161	38.4192	12.1064	58.573	80.3	2.2774
22.1682	12.0343	0	0	0	23.1879	21.795	9.0919	51.585	79.96	2.5286
22.2111	12.0275	0	0	0	10.556	11.5021	5.4123	48.61	79.85	3.1882
22.1966	12.026	0	0	0	5.1551	5.4964	2.8579	47.75	79.82	3.5881
19.6087	11.8077	0	0	0	33.4047	36.4571	9.5832	47.207	86.33	2.3101
21.6816	12.0024	0	0	0	21.6713	29.0471	8.4044	50.87	83.47	2.5128
22.1406	12.0306	0	0	0	14.3275	17.3509	5.2994	49.79	80.67	2.5795
22.1181	12.0234	0	0	0	9.5415	9.0253	3.0421	48.107	79.92	3.6256
22.1765	12.0287	0	0	0	5.6389	4.5561	1.667	47.681	79.84	3.2584
16.2702	11.7967	0	0	0	41.7751	34.1861	7.2888	36.137	87.86	1.7379
19.7566	11.9384	0	0	0	20.0982	26.1152	6.5452	47.415	85.54	2.346
21.6877	12.02	0	0	0	13.4864	16.0813	4.1723	49.639	81.46	2.9302
22.0116	12.0313	0	0	0	10.0891	8.4533	2.2692	48.043	80.03	3.4274
22.0829	12.0283	0	0	0	6.5535	4.3633	1.3149	47.435	79.85	3.0844
10.174	12.9532	0.01	0	0	43.8325	51.9811	8.0893	58.798	81.5	1.7664
12.3313	13.1679	0	0	0	43.2088	40.9636	7.8843	52.863	79.35	1.7359
22.2765	12.0358	0	0	0	14.1303	20.0499	4.1332	48.259	79.9	2.5565
22.22	12.0412	0	0	0	7.2831	10.6055	2.4509	47.809	79.84	3.3248
22.0904	12.0204	0.001	0.1625	0	3.9599	5.1813	1.5937	47.693	79.82	3.3914
12.4817	9.3562	0.002	0	0	29.0447	35.879	9.3786	72.786	84.24	1.512
22.0118	12.0132	0.001	0	0	16.9464	25.2124	7.1648	65.906	81.99	2.5262
22.1905	12.0332	0.001	0	0	12.2706	15.126	4.4584	53.171	80.41	3.0622
22.1705	12.0423	0	0	0	7.8291	7.9421	2.6289	48.295	80.02	3.3467
22.2175	12.0337	0	0	0	4.711	3.6023	1.6341	47.8	79.87	3.2238
10.2474	11.2846	0	0	0	45.4474	36.9665	7.0545	44.949	93.12	1.7368
18.522	11.9706	0	0	0	24.7171	28.5189	6.1351	49.856	89.05	1.7498
21.1981	12.0037	0	0	0	16.1812	16.7701	4.4467	49.686	82.74	2.5786
22.0949	12.0378	0	0	0	11.027	8.8067	2.1408	47.956	80.19	3.1349
22.1841	12.0344	0	0	0	5.8906	4.4548	1.1393	47.385	79.87	3.3406
16.0721	11.7795	0	0	0	40.3026	55.3118	13.4707	67.778	86.47	1.9624
22.1244	12.0315	0	0	0	33.4334	39.493	10.2767	54.953	80.81	2.3864
22.2576	12.0379	0	0	0	19.8419	22.1821	7.232	50.366	80.01	2.5411
22.1911	12.0284	0	0	0	9.4703	11.8609	4.2435	48.329	79.86	3.3221
22.1811	12.0395	0	0	0	4.5518	5.8	2.2578	47.679	79.83	3.5744
16.9416	11.6282	0	0	0	40.6913	50.4977	10.7497	63.145	79.62	1.6877
20.8177	11.9983	0	0	0	29.1707	32.5886	9.3256	56.676	80.14	2.5359
22.1516	12.0199	0	0	0	17.1383	18.2702	6.9769	50.663	79.95	2.544
22.1594	12.0187	0	0	0	8.1266	9.3792	4.2209	48.41	79.84	3.3514
22.1991	12.0412	0	0	0	4.055	4.3887	2.3479	47.937	79.84	3.5864
19.3797	11.9576	0	0	0	40.6513	45.9102	10.9805	52.574	83.75	2.2635
20.9943	12.0052	0	0	0	29.9679	34.3481	9.2822	48.819	81.49	2.4605
21.7708	12.0234	0	0	0	17.0849	20.3149	6.3094	45.341	80.12	2.546
22.0249	12.0356	0	0	0	8.0385	10.9422	3.4071	43.784	79.92	3.1546
22.1426	12.0409	0	0	0	3.8196	5.156	1.6507	43.586	79.91	3.3794
19.8	12.18	0	0	0	43.4598	53.7659	10.9599	62.885	79.97	2.2635
22.1019	12.0813	0	0	0	37.4568	37.403	10.1926	52.516	79.94	2.3486
22.1658	12.0371	0	0	0	20.4712	21.5172	7.6513	46.447	79.88	2.4598
22.117	12.0318	0	0	0	9.7937	11.4322	4.2873	44.116	79.89	3.3088
22.1632	12.0432	0	0	0	4.1293	5.4676	2.1224	43.758	79.9	3.5863
19.3108	11.8107	0	0	0	31.554	35.668	7.6997	45.159	85.82	2.1579
21.1801	12.0034	0	0	0	20.0361	28.538	6.7504	44.537	83.01	2.5411
22.1271	12.0399	0	0	0	11.3213	16.4874	4.134	44.017	80.43	3.3235
22.1488	12.0298	0	0	0	6.6666	8.8924	2.2978	43.513	79.96	3.1722
21.9219	12.042	0	0	0	3.9144	4.4478	1.2988	43.521	79.9	3.3196
15.3148	11.655	0	0	0	34.3543	31.2634	5.517	34.815	87.17	1.7107
18.218	11.9306	0	0	0	18.9961	25.801	5.0876	41.319	84.79	1.7125
20.4195	11.9914	0	0	0	10.5185	15.9901	3.2072	43.676	81.14	3.3563
21.6841	12.0339	0	0	0	7.1076	8.6003	1.6946	43.502	80.04	3.1406
22.0627	12.0296	0	0	0	4.3466	4.4211	1.0731	43.495	79.93	3.1633
15.9943	12.2106	0	0	0	31.3916	40.7343	6.2165	59.285	79.61	1.6732
21.6089	12.0387	0	0	0	20.5604	26.6857	4.8713	50.79	79.84	2.4701
22.199	12.0342	0	0.4069	0	12.2597	14.8898	3.5548	44.752	79.9	3.0252
22.1393	12.0354	0	0.2686	0	6.394	7.6067	2.2434	43.811	79.89	3.1979
21.946	12.0366	0	0	0	3.5625	4.0825	1.4046	43.685	79.9	3.4044
20.0496	11.874	0	0	0	21.034	35.5809	7.6346	68.864	83.3	2.4598
21.8706	11.9977	0	0	0	15.663	25.6198	5.6989	60.625	81.64	2.5304
22.0338	12.0407	0	0	0	10.8047	15.3793	3.4337	48.153	80.17	3.3324
21.9777	12.0492	0	0	0	6.2453	8.1893	1.995	44.143	79.91	3.2372
22.1633	12.0375	0	0	0	3.4024	3.9931	1.2327	43.668	79.91	3.6531
7.7344	8.8683	0	0	0	48.2545	36.9077	5.2722	38.917	92.4	1.8193
15.3462	11.8765	0	0	0	23.6201	28.7211	4.8718	44.227	88.76	2.0121
18.4014	11.9715	0	0	0	13.1473	17.0654	3.539	44.294	82.59	2.0761
20.577	12.0218	0	0	0	7.211	9.0249	1.655	43.66	80.23	3.1751
21.6293	12.0282	0	0	0	3.7332	4.592	0.9797	43.371	79.94	3.6638
15.9021	12.298	0	0	0	41.5607	50.51	10.5663	61.789	84.52	1.4554
21.9015	12.0146	0	0	0	28.8939	33.6355	8.8749	49.992	80.78	2.5624
22.1844	12.0343	0	0	0	17.2305	19.2594	6.3019	45.597	80.02	2.546
22.1354	12.0298	0	0	0	8.3703	10.1525	3.6194	44.164	79.9	3.1837
22.1501	12.0375	0	0	0	4.0444	4.8811	1.8855	43.725	79.9	3.3072
18.208	12.098	0	0	0	41.8194	53.2401	8.7883	61.873	79.37	1.762
21.6983	12.021	0	0	0	28.8023	32.78	8.0913	50.532	79.84	2.485
22.0108	12.0379	0	0	0	16.8854	18.4372	5.9011	45.533	79.89	2.5285
22.0087	12.0379	0	0	0	8.439	9.5524	3.3736	43.976	79.89	3.2134
22.0569	12.0254	0	0	0	3.6378	4.4783	1.8093	43.878	79.88	3.5278
18.5759	11.9795	0	0	0	44.2071	47.1356	13.6466	53.339	84.21	2.253
21.2634	12.0094	0	0	0	34.5322	34.9976	11.6768	48.838	81.65	2.3282
22.0294	12.0271	0	0	0	20.7348	20.4021	7.9911	44.548	79.91	2.4598
22.1389	12.0302	0	0	0	11.0697	10.8961	4.364	42.857	79.58	3.336
22.1944	12.0423	0	0	0	5.9236	5.1347	1.9476	42.297	79.56	3.4107
19.5774	12.1715	0	0	0	49.3018	55.1144	13.7248	61.584	80.21	2.253
21.4684	12.0505	0	0	0	40.047	37.9324	12.4831	53.467	79.92	2.253
22.0634	12.0374	0	0	0	24.9032	21.5014	9.3562	45.895	79.58	2.5286
22.1582	12.0374	0	0	0	13.2883	11.4204	5.3489	43.195	79.56	2.5216
22.1207	12.0366	0	0	0	5.8349	5.4632	2.57	42.359	79.56	3.4417
18.3371	11.791	0	0	0	38.5616	37.6932	10.206	43.4	86.25	2.0554
21.275	11.9737	0	0	0	23.8858	29.0748	8.9096	45.1	83.23	2.5286
21.9744	12.0079	0	0	0	14.3792	16.758	5.4567	43.836	80.3	2.5795
22.0634	12.0094	0	0	0	8.9412	8.8239	2.9627	42.668	79.63	3.5828
22.1245	12.0308	0	0	0	5.5528	4.4616	1.4527	42.328	79.55	3.1679
14.143	11.6729	0	0	0	36.15	30.5517	7.1955	35.499	87.65	1.686
17.1624	11.9081	0	0	0	21.7354	25.1581	6.7393	41.26	85.14	1.7662
20.2345	11.9961	0	0	0	13.6416	15.5492	4.2479	43.139	81.13	2.9376
21.6738	12.0227	0	0	0	9.5934	8.22	2.2586	42.368	79.73	3.4607
22.0618	12.0302	0	0	0	6.6048	4.2772	1.1992	42.098	79.58	3.0844
14.6723	11.7444	0.005	3.0351	0	44.8913	46.1228	8.5776	56.192	80.92	1.7104
13.9899	10.7403	0.005	0.9188	0	34.4674	34.6588	8.0465	50.743	79.6	1.7104
22.0377	12.0399	0	0	0	15.1798	18.6332	4.0744	43.178	79.65	2.5845
21.9134	12.0373	0	0	0	8.8888	9.7477	2.3498	42.38	79.57	3.5155
22.0648	12.0142	0	0	0	4.9843	4.8558	1.4625	42.347	79.56	3.1281
20.1381	11.9236	0.006	0	0	23.4486	36.1406	9.1551	69.694	83.93	2.5316
21.1386	11.9895	0.011	0	0	17.088	26.895	6.6939	67.129	81.92	1.7341
22.2001	12.0352	0	0	0	12.949	16.028	3.9575	49.02	79.88	3.1753
22.1434	12.0268	0.005	0	0	8.598	8.2628	2.1667	42.688	79.57	2.0618
22.0409	12.0305	0	0	0	4.7594	4.1231	1.2507	42.215	79.55	3.1895
5.5871	6.8407	0	0	0	46.7105	35.0969	6.9827	41.095	92.75	1.8668
17.934	11.9407	0	0	0	26.8338	26.9119	6.6006	43.716	88.79	1.7014
20.3678	12.0109	0	0	0	15.9663	15.652	4.7667	43.339	82.39	2.6197
21.5651	12.0212	0	0	0	9.8915	8.2518	2.3071	42.552	79.92	3.4274
22.0259	12.0238	0	0	0	5.6781	4.1494	1.111	42.05	79.58	3.2756
16.9464	12.0678	0	0	0	39.3818	52.176	13.8953	66.161	85.83	1.9528
21.5887	12.0038	0	0	0	34.967	37.6123	10.9174	50.78	80.68	2.3606
22.125	12.0216	0	0	0	21.7291	21.2328	7.7453	44.212	79.71	2.3993
22.0767	12.0265	0	0	0	11.311	11.3495	4.2914	42.889	79.57	3.3235
22.0742	12.0211	0	0	0	5.1663	5.4743	2.0617	42.247	79.56	3.4144
17.538	12.2469	0	0	0	40.0175	51.5043	10.8489	59.242	79.66	1.6877
21.6685	12.0124	0	0	0	31.1866	33.4134	9.5632	49.38	79.83	2.5052
21.9577	12.0209	0.001	0.5373	0	19.0334	18.64	7.0599	44.628	79.6	2.4884
21.9624	12.0324	0	0.1806	0	10.3192	9.6228	4.0112	42.857	79.55	3.2858
22.0847	12.0282	0	0	0	4.8421	4.5531	2.0913	42.651	79.56	3.5381
18.9165	11.9568	0	0	0	40.5285	46.8126	13.2783	56.201	84.12	2.253
21.7813	12.0592	0	0	0	27.6511	34.6677	10.8464	59.258	81.4	2.3937
22.3525	12.0475	0	0	0	15.3551	20.2816	7.145	57.561	79.61	2.6153
22.3712	12.0411	0	0	0	8.285	10.7331	4.0471	56.016	79.15	3.1834
22.2524	12.0332	0	0	0	4.004	5.0334	2.028	55.436	79.13	3.4777
19.3615	12.1077	0	0	0	41.7637	54.6572	13.5822	68.651	79.98	2.253
21.6384	12.0748	0	0	0	30.6473	37.5443	11.8398	64.405	79.54	2.253
22.3041	12.0443	0	0	0	18.0055	21.2949	8.654	58.548	79.25	2.4305
22.1676	12.0427	0	0	0	8.1935	11.1247	5.1803	56.153	79.14	3.285
22.364	12.041	0	0	0	4.0913	5.307	2.6452	55.635	79.12	3.6069
17.9018	11.8518	0	0	0	29.6295	36.5152	8.8381	48.888	86.07	1.71
21.7644	12.0072	0	0	0	18.6535	28.7705	7.7936	56.21	82.94	2.5888
22.369	12.0425	0	0	0	12.9449	16.9054	4.7863	56.997	79.98	2.8087
22.2634	12.0323	0	0	0	7.7367	8.6872	2.7342	55.616	79.21	3.4175
22.3057	12.0353	0	0	0	4.101	4.3521	1.5584	55.475	79.13	3.2463
16.3827	11.6869	0	0	0	29.3833	30.3651	6.2239	40.584	87.6	1.8487
18.8416	11.9117	0	0	0	16.9688	24.8291	5.7676	52.507	84.98	1.9483
20.9274	12.0104	0	0	0	13.3169	15.3011	3.7474	56.04	80.83	3.1753
21.8329	12.0215	0	0	0	8.9696	8.0673	2.1353	55.386	79.3	3.5252
22.3376	12.0481	0	0	0	4.5948	4.1716	1.294	55.308	79.15	3.155
9.6091	14.0592	0.008	0	0	43.4856	52.1605	7.8761	58.554	80.8	1.7664
21.8111	12.0316	0	0	0	19.4103	34.2813	5.7565	57.253	79.44	2.585
22.3676	12.0356	0	0	0	10.0643	19.021	3.845	55.92	79.19	3.3018
22.3085	12.0362	0	0.3859	0	5.4469	9.9943	2.3193	55.383	79.14	3.195
22.3275	12.0391	0	0	0	3.2213	4.8477	1.5207	55.558	79.13	3.462
18.3978	11.917	0.004	0	0	21.4847	34.5526	9.0127	66.882	83.39	1.8695
20.1033	12.0049	0.004	0	0	14.651	26.3885	6.4878	67.403	81.38	2.1243
21.8048	12.0273	0	0	0	11.2909	15.7644	3.8455	56.303	79.56	3.2475
22.2375	12.0454	0	0	0	6.7272	8.1856	2.2085	55.586	79.17	3.1976
22.3602	12.0414	0	0	0	3.8699	3.8634	1.4053	55.473	79.13	3.2557
4	4.2833	0	0	0	44.797	35.5685	5.8848	47.049	92.9	1.8668
16.8902	11.8735	0	0	0	20.9039	28.5161	5.4177	57.559	88.63	1.7373
21.3347	12.0142	0	0	0	14.4983	16.713	3.947	56.755	82.14	2.5899
21.8266	12.044	0	0	0	8.5754	8.7472	2.0026	55.832	79.49	3.2661
22.2818	12.0351	0	0	0	4.292	4.4036	1.1637	55.232	79.16	3.28
15.0614	12.0995	0	0	0	42.0427	53.7359	13.5757	65.373	85.46	1.7388
21.3203	12.0392	0	0	0	26.4145	37.7017	10.3079	61.98	80.13	2.4645
22.2397	12.0413	0	0	0	15.4113	21.2436	6.9551	57.764	79.33	2.6491
22.3247	12.036	0	0	0	7.4357	11.267	4.0191	55.928	79.14	3.7314
22.3651	12.0439	0	0	0	3.8658	5.4445	2.0244	55.514	79.11	3.4925
10.9699	14.2378	0	0	0	39.8007	54.3843	10.1756	66.392	78.44	1.8668
21.3462	12.0101	0	0	0	24.7441	32.0768	9.3139	60.903	79.46	2.5286
21.7181	12.0249	0	0	0	13.4199	17.9787	6.6692	57.498	79.29	2.887
22.1996	12.0355	0	0	0	6.8568	9.1087	3.9724	55.788	79.11	4.0368
22.3498	12.038	0	0	0	3.8253	4.2554	2.2036	55.756	79.12	3.5467
15.1216	12.0978	0	0	0	40.9108	46.2431	11.6458	55.12	83.88	1.5452
20.3648	12.0312	0	0	0	27.6139	34.5599	9.3933	51.118	81.42	2.5359
21.9627	12.0253	0	0	0	15.9532	20.2664	5.8697	47.61	79.91	2.5822
22.2272	12.0285	0	0	0	8.41	10.8809	3.0387	45.962	79.66	3.3587
22.2849	12.0318	0	0	0	4.0251	5.125	1.4171	45.609	79.64	3.2301
18.2045	12.228	0	0	0	45.8255	54	11.3854	64.117	79.87	1.8736
21.1497	12.0937	0	0	0	35.5695	37.5	10.2342	54.366	79.76	2.3486
22.2936	12.0491	0	0	0	20.5675	21.4678	7.1749	48.495	79.65	2.4598
22.2985	12.034	0	0	0	10.2783	11.3406	3.9508	46.164	79.64	3.2858
22.3119	12.0265	0	0	0	4.5919	5.4262	1.9057	45.791	79.65	3.3247
19.6613	11.8554	0	0	0	29.8577	36.6817	7.5536	46.108	85.85	2.2598
21.7397	11.9861	0	0	0	17.5165	27.8687	6.5939	48.18	82.97	2.5622
22.0371	12.0111	0	0	0	11.0221	16.8849	3.6757	46.767	80.23	3.336
22.2633	12.0268	0	0	0	6.9096	8.7638	1.8654	45.767	79.7	3.1406
22.302	12.0245	0	0	0	4.1353	4.4606	1.0308	45.529	79.65	3.3225
14.6661	11.705	0	0	0	32.0805	31.0588	5.3477	38.095	87.22	1.7887
18.9362	11.9751	0	0	0	17.0854	26.0009	4.7766	43.712	84.72	1.9483
21.417	12.0048	0	0	0	10.3353	16.1533	2.8395	46.088	80.9	3.2847
22.2833	12.0292	0	0	0	7.1499	8.6441	1.3998	45.614	79.76	3.1406
22.2787	12.0289	0	0	0	4.566	4.4617	0.8362	45.435	79.66	3.3465
17.5122	12.3403	0	0	0	26.3881	35.3288	5.9331	57.773	79.58	1.7019
21.4114	12.0248	0	0	0	19.1373	26.466	4.8909	48.349	79.63	2.589
22.3159	12.0296	0.001	0.9711	0	11.9623	14.268	3.2707	45.902	79.64	2.069
22.3129	12.0334	0.001	0.6861	0	6.6618	7.4871	1.9003	45.731	79.65	3.0817
22.2708	12.0198	0	0	0	3.5716	3.9139	1.1579	45.569	79.64	3.7044
13.4734	10.7113	0	0	0	23.7737	35.8631	8.5103	68.438	83.29	1.8124
21.5882	12.0013	0.002	0	0	14.4161	25.7436	5.6805	60.717	81.53	2.5494
22.159	12.0222	0	0	0	9.845	15.586	3.0309	48.983	80.02	3.3956
22.2514	12.0289	0	0	0	5.9076	8.2905	1.5987	45.775	79.69	3.3427
22.3299	12.0337	0	0	0	3.5825	4.0435	0.9747	45.653	79.66	3.704
8.0645	10.3475	0.002	0	0	42.1907	36.6102	5.2348	41.839	92.4	1.8193
15.7976	11.9221	0.002	0	0	20.9304	28.6396	4.5085	46.46	88.75	1.9777
19.4236	11.968	0	0	0	12.2735	17.1055	3.2377	46.445	82.48	2.724
21.3403	12.0148	0	0	0	7.81	9.0216	1.4141	45.562	80	3.206
22.0268	12.0231	0	0	0	4.5812	4.5655	0.7543	45.586	79.68	3.3145
15.6036	12.3874	0	0	0	37.4774	50.5667	11.648	62.856	84.48	1.5452
21.4807	12.0107	0	0	0	25.7336	33.4753	8.841	51.591	80.58	2.6058
22.0795	12.0331	0	0	0	15.4974	19.1807	5.6899	47.929	79.78	2.5505
22.2946	12.0306	0	0	0	8.2232	10.1296	3.0827	46.127	79.64	3.1998
22.2684	12.0374	0	0	0	3.8999	4.8482	1.5572	45.836	79.64	3.2808
12.6314	14.3188	0	0	0	46.5439	55.895	8.754	62.516	79.09	1.7359
22.2146	12.0456	0	0	0	27.2593	33.0014	8.113	52.783	79.67	2.485
22.2467	12.0323	0	0	0	15.3373	18.4771	5.5516	47.892	79.62	2.5505
22.2999	12.0313	0	0	0	7.8643	9.5888	2.9709	46.335	79.65	3.1546
22.3112	12.0322	0	0	0	4.2286	4.4913	1.4783	45.704	79.65	3.2301
18.3207	12.0397	0	0	0	38.9654	46.8673	14.6837	58.733	84.03	2.2168
20.1386	12.021	0	0	0	29.4743	34.9574	12.4238	53.46	81.38	2.253
21.7836	12.0379	0	0	0	17.3922	20.2246	8.3499	47.693	79.31	2.4631
22.1384	12.0403	0	0	0	9.6052	10.7587	4.6902	45.032	78.9	3.3631
22.2537	12.0368	0	0	0	4.6713	5.0532	2.0547	44.261	78.87	3.4645
18.4728	12.1803	0	0	0	45.6466	54.8498	14.5047	65.795	79.93	2.2168
20.8534	12.0661	0	0	0	38.8915	38.0457	13.0473	56.363	79.5	2.253
22.0908	12.0406	0	0	0	25.1207	21.3719	9.8504	48.812	78.98	2.5246
22.1706	12.0411	0	0	0	12.1039	11.2604	5.8833	45.509	78.88	2.6429
22.0885	12.0204	0	0	0	5.042	5.3723	2.9425	44.412	78.88	3.5386
19.2997	11.8908	0	0	0	28.8864	37.2767	10.6402	47.575	86.08	2.4032
21.6485	11.9948	0	0	0	18.5015	28.87	9.4423	48.666	83.01	2.4443
22.0554	12.0394	0	0	0	11.6567	16.722	5.616	46.158	79.77	2.7315
22.1933	12.0233	0	0	0	7.192	8.7003	3.0514	44.578	78.95	3.7161
22.2232	12.0382	0	0	0	4.3919	4.3767	1.4552	44.148	78.88	3.2507
15.3691	11.7885	0	0	0	29.1232	30.6305	7.3231	39.372	87.38	1.8489
19.9959	11.9676	0	0	0	17.8373	25.6137	6.8939	45.945	84.91	2.6309
22.1432	12.0397	0	0	0	12.5243	15.9741	4.3682	46.08	80.81	2.9294
22.2107	12.0283	0	0	0	8.054	8.236	2.2779	44.243	79.06	3.2868
22.2081	12.0526	0	0	0	4.6298	4.2413	1.1283	44.014	78.89	3.1575
13.7647	11.7301	0.006	1.3703	0	45.9893	51.0592	8.657	53.824	80.45	1.5318
22.0646	12.0333	0	0	0	24.1764	35.7462	6.3097	50.478	79.07	2.5005
22.2127	12.0346	0	0	0	14.6313	20.0083	3.9944	45.639	78.92	2.5357
22.1871	12.04	0	0	0	7.3803	10.551	2.2215	44.496	78.88	3.3248
22.1836	12.0343	0	0	0	4.0955	5.1288	1.4058	44.115	78.87	3.3109
17.4153	11.9418	0	0	0	24.1309	34.2437	10.0865	70.764	84.6	1.7664
21.3281	11.9988	0.004	0	0	12.8939	22.2039	8.8887	63.295	81.99	2.4521
22.1249	12.0118	0.003	0	0	10.4382	13.1687	5.5955	48.403	79.8	2.1937
22.1799	12.033	0.003	0	0	6.0874	6.6404	3.1957	44.703	78.96	2.3209
22.1905	12.0104	0.002	0	0	3.7125	3.1419	1.6914	44.155	78.88	3.4442
4	3.6998	0	0	0	36.6872	34.7118	6.7661	45.531	92.8	1.9615
16.9675	11.9676	0	0	0	20.7554	28.7183	6.7122	50.52	88.84	1.7373
21.061	12.0077	0	0	0	13.8891	16.9923	5.0102	46.9	82.25	2.6103
21.9685	12.0527	0	0	0	9.0352	8.7946	2.3515	44.541	79.29	3.4802
22.2236	12.0285	0	0	0	4.565	4.4304	1.0621	44.268	78.92	3.2224
11.1289	15.0442	0	0	0	44.1467	51.8735	11.7174	65.321	85.48	1.8199
20.7809	11.9932	0	0	0	32.0172	39.4778	11.4165	53.225	80.05	2.3937
21.6633	12.032	0	0	0	19.9846	22.0895	7.9668	47.3	78.99	2.5466
22.1243	12.03	0	0	0	10.0654	11.8524	4.4915	44.879	78.87	3.3223
22.2102	12.0355	0	0	0	4.3799	5.7932	2.1214	44.321	78.87	3.5594
13.415	14.5913	0	0	0	46.235	53.1966	10.9818	62.933	78.97	1.7568
22.023	12.0417	0	0	0	28.0066	31.899	10.7097	53.621	79.32	2.3937
22.2068	12.0445	0	0.184	0	17.583	17.5491	7.8684	47.146	78.92	2.5375
22.0668	12.0446	0	0.2653	0	8.9736	8.9914	4.5411	44.892	78.87	3.4039
22.2095	12.032	0	0	0	4.0117	4.1621	2.3921	44.268	78.87	3.5797